60998.782516889972612262 5.07e-05
60998.784722026255622040 5.9e-05
60998.787036972651549149 8.99e-05
60998.789351674589852337 5.34e-05
60998.791666500554129016 4.82e-05
60998.793985317337501328 8.1e-05
60998.796299677087517921 6.61e-05
60998.798708912181609776 5.63e-05
60998.800925924035254866 8.15e-05
60998.803240625216858461 4.63e-05
60998.805555058272148017 5.25e-05
60998.808015221489768010 4.36e-05
60998.810184708177985158 5.24e-05
60998.812500192936568055 5.44e-05
60998.814814358942385297 4.93e-05
60998.817129183807992376 4.12e-05
60998.819444400731299538 3.85e-05
60998.821759226244466845 5.74e-05
60998.824074050906347111 4.07e-05
60998.826388876346754842 5.54e-05
60998.828703848346776795 7.14e-05
60998.831108628139190841 8.11e-05
60998.833333351292822044 6.54e-05
60998.835647784428147133 5.66e-05
60998.837962609904934652 4.25e-05
60998.840277434392191935 5.19e-05
60998.842592260327364784 3.56e-05
60998.844894158042734489 3.65e-05
60998.847221911120868754 6.48e-05
60998.849768258805852383 6.05e-05
60998.851787391075049527 0.000117
60998.854179313559143338 4.72e-05
60998.856481211565551348 4.34e-05
60998.858796037566207815 4.61e-05
60998.861072080115263816 4.44e-05
60998.863425795556395315 5.71e-05
60998.865740514251228888 5.03e-05
60998.867965237601310946 7.3e-05
60998.870370163771440275 4.91e-05
60998.872684989386470988 4.73e-05
60998.874909714228124358 0.000139
60998.877314640260010492 4.62e-05
60998.879629465438483749 5.52e-05
60998.881944683074834757 4.46e-05
60998.884194870661303867 4.73e-05
60998.886342518060700968 5.88e-05
60998.888888375993701629 5.53e-05
60998.891293695647618733 4.4e-05
60998.893518028060498182 5.34e-05
60998.895922954616253264 4.47e-05
60998.898148070788010955 4.59e-05
60998.900462896104727406 4.38e-05
60998.902816505375085399 4.55e-05
60998.905092157023318578 4.81e-05
60998.907407373728347011 4.34e-05
60998.909721807962341700 4.18e-05
60998.912049561782623641 5.57e-05
60998.914351851781248115 4.01e-05
60998.916666286226245575 3.96e-05
60998.918894535308936611 6e-05
60998.921295937623654027 4.29e-05
60998.923610763355100062 4.39e-05
60998.925925589246617164 5.23e-05
60998.928471938008442521 6.18e-05
60998.930555242266564164 5.09e-05
60998.932870178294251673 8.3e-05
60998.935274996198131703 5.38e-05
60998.937499720246705692 4.94e-05
60998.939814546662091743 4.59e-05
60998.942142389627406374 7.57e-05
60998.944444199223653413 6.58e-05
60998.946759025944629684 4.14e-05
60998.949086388151044957 8.55e-05
60998.951388678651710507 4.74e-05
60998.953703504659642931 5.29e-05
60998.956005403822928201 5e-05
60998.958333158836467192 4.54e-05
60998.960647984546085354 4.27e-05
60998.962924028470297344 4.57e-05
60998.965277637980761938 4.11e-05
60998.967592073233390693 5.45e-05
60998.969817582197720185 4.82e-05
60998.972221726231509820 4.5e-05
60998.974536945039290003 3.63e-05
60998.976736207827343605 5.17e-05
60998.979166206423542462 4.27e-05
60998.981481034228636418 4.46e-05
60998.983795860636746511 5.34e-05
60998.986227036148193292 4.45e-05
60998.988425514842674602 5.14e-05
60998.990740342269418761 4.09e-05
60998.993055560800712556 4.24e-05
60998.995485952138551511 4.97e-05
60998.997684823429153766 4.31e-05
60998.999999650164681952 4.49e-05
60999.002327405542018823 4.53e-05
60999.004629304617992602 5.06e-05
60999.006944131797354203 4.39e-05
60999.009258960111765191 4.77e-05
60999.011560860380996019 5.15e-05
60999.013888614943425637 5.07e-05
60999.016203442675760016 4.53e-05
60999.018402313311526086 3.87e-05
60999.020717140483611729 4.65e-05
60999.023147925079683773 4.24e-05
60999.025462752790190279 5.13e-05
60999.027777581024565734 5.05e-05
60999.029860885719244834 5.27e-05
60999.032407235754362773 4.52e-05
60999.034722064716333989 6.23e-05
60999.037036891881143674 5.45e-05
60999.039312936758506112 4.5e-05
60999.041666156052087899 6.11e-05
60999.043980983398796525 5.08e-05
60999.046296204309328459 4.76e-05
60999.048726596724009141 4.15e-05
60999.050925467949127778 4.83e-05
60999.053240295972500462 4.75e-05
60999.055728667866787873 3.93e-05
60999.057870344353432301 3.97e-05
60999.060185173017089255 7.13e-05
60999.062538638965634163 0.000124
60999.064814437129825819 3.96e-05
60999.067129266106348950 4.21e-05
60999.069444486594875343 3.99e-05
60999.071990837102930527 4.71e-05
60999.074073752548429184 4.33e-05
60999.076388581110222731 3.86e-05
60999.078742192032223102 3.73e-05
60999.081018629411119036 4.12e-05
60999.083333458198467270 5.96e-05
60999.085686286372947507 4.12e-05
60999.087962724057433661 4.43e-05
60999.090277553194027860 3.63e-05
60999.092579454416409135 3.77e-05
60999.094907210725068580 4.41e-05
60999.097222039643384051 6.28e-05
60999.099523941949883010 4.93e-05
60999.101851698149403092 4.92e-05
60999.104166528042696882 5.04e-05
60999.106468428573862184 4.61e-05
60999.108795793930767104 4.2e-05
60999.111110622478008736 4.02e-05
60999.113425452000228688 4.16e-05
60999.115740281253238209 4.36e-05
60999.118055111488502007 4.52e-05
60999.120369940537784714 4.88e-05
60999.122620523550722282 4.61e-05
60999.124999599611328449 4.85e-05
60999.127314820987521671 4.05e-05
60999.129629258233762812 4.16e-05
60999.131944480053789448 3.61e-05
60999.134258918449631892 4.39e-05
60999.136573748044611420 3.87e-05
60999.138798866631987039 7.52e-05
60999.141290374544041697 5.15e-05
60999.143531556612288114 3.89e-05
60999.145833066926570609 3.65e-05
60999.148090309929102659 3.97e-05
60999.150463118552579544 4.81e-05
60999.152661599742714316 4.84e-05
