60990.244097465671075042 9.11e-05
60990.246296512559638359 6.02e-05
60990.248611440649256110 5.8e-05
60990.250926425411307719 6.28e-05
60990.253240772181015927 5.98e-05
60990.255555623465625104 7.14e-05
60990.257870401859690901 4.03e-05
60990.260185180675762240 4.47e-05
60990.262499958364060149 5.9e-05
60990.264814833666605409 7.28e-05
60990.267129513958934695 4.65e-05
60990.269443899691395927 6.89e-05
60990.271759461254987400 4.66e-05
60990.274074013155768625 7.2e-05
60990.276388626065454446 6.02e-05
60990.278703672549454495 8.03e-05
60990.281018181951367296 5.79e-05
60990.283333143604977522 8.32e-05
60990.285648052566102706 7.2e-05
60990.287962516245897859 6.53e-05
60990.290277295251144096 4.19e-05
60990.292592052188410889 6.83e-05
60990.294907243798661511 5.32e-05
60990.297222021807101555 4.13e-05
60990.299536799706402235 5.49e-05
60990.301851578391506337 6.18e-05
60990.304166356872883625 4.85e-05
60990.306481134837667923 5.03e-05
60990.308795914141228423 5.63e-05
60990.311110691538488027 9.93e-05
60990.313425470107176807 4.4e-05
60990.315740248719521333 4.64e-05
60990.318055418239964638 5.35e-05
60990.320370196946896613 8.35e-05
60990.322685367398662493 7.38e-05
60990.325000146214733832 4.27e-05
60990.327314924805250484 7.07e-05
60990.329629703075625002 7.13e-05
60990.331944090219622012 5.95e-05
60990.334258868933829945 6.11e-05
60990.336573648055491503 6.97e-05
60990.338888818994746543 7.87e-05
60990.340624608550569974 5.06e-05
