60955.509608847060007975 0.000743
60955.511689200946420897 0.000873
60955.514116945909336209 0.00074
60955.516751145172747783 0.000649
60955.518745445348031353 0.00294
60955.521069729198643472 0.00106
60955.523376000302960165 0.000717
60955.525695528522192035 0.000685
60955.528008442015561741 0.00132
60955.530322614693432115 0.00074
60955.532675817194103729 0.000653
60955.535100903449347243 0.000895
60955.537268452237185556 0.00052
60955.539581418575835414 0.000699
60955.541782115411479026 0.00133
60955.544146686508611310 0.000578
60955.546615946819656529 0.000944
60955.548838826289284043 0.000615
60955.551158475580450613 0.000753
60955.553562717446766328 0.000475
60955.555785755292163230 0.000893
60955.558101329952478409 0.000714
60955.560418395725719165 0.000751
60955.562876778552890755 0.000551
60955.565035971645556856 0.00067
60955.567400402702332940 0.000685
60955.569678464038588572 0.000793
60955.570947016982245259 0.000724
