60969.301273054355988279 8.9e-05
60969.303472538973437622 8.09e-05
60969.305787227232940495 4.83e-05
60969.308101894668652676 6.93e-05
60969.310416955137043260 4.9e-05
60969.312731622478167992 6.61e-05
60969.315046288749726955 5.6e-05
60969.317360872060817201 0.000101
60969.319675986065703910 6.5e-05
60969.321990684453339782 6.64e-05
60969.324305469504906796 9.38e-05
60969.326620411426119972 5.64e-05
60969.328935081379313488 6.93e-05
60969.331250137518509291 6.01e-05
60969.333564779110020027 6e-05
60969.335879474361718167 4.01e-05
60969.338194534320791718 4.9e-05
60969.340509201894747093 5.47e-05
60969.342823895858600736 0.00015
60969.345138769589539152 5.7e-05
60969.347453597241837997 4.24e-05
60969.349768657513777725 5.69e-05
60969.351157257384329569 6.45e-05
